#ROBOX   BB    PMT   OV1 Gain OV2 Gain OV1+100
1    1     1    493858  118790  1684820
1    1     2    591178  134662  1957090
1    1     3    534523  107823  1610110
1    1     4    481355  114840  1549170
1    1     5    433889  103150  1435730
1    1     6    449051  109568  1435930
1    1     7    444692  94903.2 1369720
1    1     8    513075  115719  1679300
1    2     1    481531  107139  1612140
1    2     2    543545  128480  1741620
1    2     3    460271  112433  1664240
1    2     4    436683  103392  1590740
1    2     5    532768  128630  1868330
1    2     6    488676  130905  1761390
1    2     7    459641  103517  1569500
1    2     8    488709  106265  1633740
1    3     1    448581  104222  1756720
1    3     2    512159  126613  1898730
1    3     3    535136  145698  1896590
1    3     4    463014  109122  1751910
1    3     5    520727  125159  1934170
1    3     6    473991  124051  1735050
1    3     7    509546  123466  1901280
1    3     8    513078  112458  1976020
10   1     1    444745  107850  1326730
10   1     2    529418  130307  1758310
10   1     3    442241  113262  1399570
10   1     4    503454  119268  1622210
10   1     5    497601  123610  1581030
10   1     6    447053  113692  1392520
10   1     7    504498  121007  1543670
10   1     8    493693  120776  1634570
10   2     1    468457  117598  1514050
10   2     2    418265  99062.1 1366000
10   2     3    463586  114912  1505380
10   2     4    480658  119015  1640060
10   2     5    541421  136474  1808640
10   2     6    414394  108062  1363400
10   2     7    445133  123664  1352700
10   2     8    501008  123972  1764530
10   3     1    449816  109839  1519910
10   3     2    517758  137094  1760740
10   3     3    547151  133263  1847990
10   3     4    442029  117755  1652730
10   3     5    539823  138293  1860850
10   3     6    457373  115686  1582050
10   3     7    526435  133457  1861620
10   3     8    529137  131744  2010490
11   1     1    431672  103146  1382360
11   1     2    477214  112029  1413680
11   1     3    498371  125381  1597360
11   1     4    468240  115658  1594610
11   1     5    413746  103194  1355540
11   1     6    488776  119110  1548130
11   1     7    493959  126737  1591160
11   1     8    498330  120438  1490330
11   2     1    478029  118261  1584960
11   2     2    512177  140594  1697580
11   2     3    524102  127027  1724810
11   2     4    474396  118849  1549650
11   2     5    481076  127490  1500670
11   2     6    454166  110362  1486580
11   2     7    470211  114057  1625530
11   2     8    512573  120402  1723410
11   3     1    530252  130950  2000720
11   3     2    527175  127987  1867900
11   3     3    496217  127013  1838360
11   3     4    500220  125355  1635400
11   3     5    537134  132852  1974400
11   3     6    499824  127459  1799570
11   3     7    507037  122694  1715950
11   3     8    483594  133174  2170170
12   1     1    489270  126799  1476180
12   1     2    469124  116262  1505520
12   1     3    439456  105083  1352240
12   1     4    507829  125842  1534030
12   1     5    716822  175825  2223220
12   1     6    482293  119172  1544030
12   1     7    478710  118150  1449300
12   1     8    469788  119718  1507410
12   2     1    469867  117270  1605810
12   2     2    470826  117683  1490550
12   2     3    485997  125343  1647910
12   2     4    385964  97300.4 1317200
12   2     5    453258  117802  1538650
12   2     6    503370  123316  1640600
12   2     7    505292  129241  1684340
12   2     8    470375  122113  1616240
12   3     1    529312  131019  1832100
12   3     2    524898  130448  1863300
12   3     3    448189  110974  1666800
12   3     4    526347  128496  1810160
12   3     5    455272  110343  1743180
12   3     6    449449  116976  1649180
12   3     7    512076  136754  1984190
12   3     8    475681  121065  1626060
13   1     1    428992  113840  1362390
13   1     2    502436  129053  1800190
13   1     3    458991  124155  1489410
13   1     4    428210  108590  1450590
13   1     5    490495  123351  1697690
13   1     6    557615  137217  1733590
13   1     7    468608  126652  1764560
13   1     8    517065  124850  1623910
13   2     1    467949  124708  1561620
13   2     2    443534  112752  1560280
13   2     3    443735  110260  1592560
13   2     4    395532  101981  1299800
13   2     5    492200  120841  1652160
13   2     6    418774  105404  1468500
13   2     7    473331  122909  1640120
13   2     8    520626  133669  1846960
13   3     1    508580  124095  1821680
13   3     2    463099  125051  1646610
13   3     3    475756  123551  1728030
13   3     4    478685  121830  1741300
13   3     5    486132  124513  1782000
13   3     6    524276  137156  2021560
13   3     7    534884  136814  1892550
13   3     8    551152  137838  1956380
14   1     1    543180  136399  1780780
14   1     2    445417  109161  1430900
14   1     3    553066  136205  1859140
14   1     4    428754  115207  1344670
14   1     5    519629  134384  1663290
14   1     6    428374  115552  1454590
14   1     7    508233  126005  1833810
14   1     8    509492  127696  1677890
14   2     1    479830  117548  1711290
14   2     2    505711  132305  1735760
14   2     3    406526  105560  1445190
14   2     4    461916  128117  1504380
14   2     5    544544  137219  1929380
14   2     6    490218  128816  1705280
14   2     7    448189  132708  1469500
14   2     8    462646  117540  1597130
14   3     1    479693  125532  1803280
14   3     2    462803  118983  1722940
14   3     3    482107  133807  1739700
14   3     4    456112  113736  1716440
14   3     5    558505  145003  2144450
14   3     6    505648  138935  1826280
14   3     7    521953  140813  1913120
14   3     8    557050  140566  2103970
15   1     1    580981  139449  1769840
15   1     2    460851  120082  1523670
15   1     3    403241  97532.9 1326590
15   1     4    441321  105781  1442280
15   1     5    500809  124732  1561820
15   1     6    505001  127405  1643900
15   1     7    428647  111724  1351310
15   1     8    458736  113567  1394070
15   2     1    525351  127613  1813890
15   2     2    451467  116732  1542420
15   2     3    507209  129435  1833990
15   2     4    499045  120345  1668180
15   2     5    452350  119096  1512190
15   2     6    489988  126893  1844760
15   2     7    469369  117919  1511480
15   2     8    381627  94542.7 1343270
15   3     1    547417  143436  2059830
15   3     2    494691  127291  1901440
15   3     3    588861  145523  1955450
15   3     4    493816  122298  1808400
15   3     5    413110  103625  1437560
15   3     6    532848  140400  1895630
15   3     7    470445  125335  1735470
15   3     8    534216  137064  2039320
16   1     1    512049  123100  1537690
16   1     2    409183  100945  1447130
16   1     3    465523  101110  1422360
16   1     4    470630  118786  1573100
16   1     5    435231  108416  1555490
16   1     6    452445  110962  1505050
16   1     7    566620  141001  1758710
16   1     8    507228  124221  1167590
16   2     1    453726  115385  1449620
16   2     2    486418  123076  1648480
16   2     3    442477  117228  1546120
16   2     4    493194  124114  1629700
16   2     5    467687  112740  1522720
16   2     6    411119  101371  1311250
16   2     7    509979  127280  1706190
16   2     8    464330  127180  1605490
16   3     1    516433  123914  1912450
16   3     2    504029  122195  1853540
16   3     3    548410  151060  1857530
16   3     4    515738  128567  1849310
16   3     5    534587  135815  1840520
16   3     6    530247  134062  1972000
16   3     7    609138  160863  2200500
16   3     8    541413  132738  1993020
17   1     1    536207  131631  1712240
17   1     2    481825  124455  1411820
17   1     3    495502  124147  1484640
17   1     4    558441  141964  1668260
17   1     5    507664  124812  1583320
17   1     6    437591  109021  1341870
17   1     7    517071  127664  1657160
17   1     8    540203  135773  1742600
17   2     1    523258  153469  1600650
17   2     2    486283  122998  1603350
17   2     3    503181  147023  1683400
17   2     4    539405  131419  1776090
17   2     5    431670  106125  1414370
17   2     6    572112  147171  1809400
17   2     7    519865  130299  1718250
17   2     8    496116  126589  1628810
17   3     1    524041  127958  1993290
17   3     2    449155  117884  1672220
17   3     3    451533  113211  1689160
17   3     4    540966  134430  1945640
17   3     5    552379  106977  2086930
17   3     6    457266  120376  1651440
17   3     7    511968  132951  2057060
17   3     8    538338  136853  1914270
18   1     1    505416  126440  1708400
18   1     2    560528  133432  1922000
18   1     3    483659  119862  1672840
18   1     4    506885  125529  1775540
18   1     5    456645  105755  1560070
18   1     6    504172  124425  1809010
18   1     7    610309  166745  1797910
18   1     8    477890  116772  1661430
18   2     1    469222  118124  1707580
18   2     2    486065  118321  1797710
18   2     3    450340  112047  1587570
18   2     4    444796  110168  1720670
18   2     5    450040  113230  1652540
18   2     6    487175  117176  1748290
18   2     7    494681  126715  1757430
18   2     8    471655  111529  1676990
18   3     1    482286  120386  1877920
18   3     2    533995  131902  2093570
18   3     3    531959  126575  2061910
18   3     4    530499  131282  2026610
18   3     5    502287  128277  1843760
18   3     6    490707  124864  1859080
18   3     7    584089  146973  2275390
18   3     8    495225  120029  1975630
19   1     1    403909  94889.9 1310420
19   1     2    420585  110336  1356960
19   1     3    450577  113083  1460260
19   1     4    405615  99225.6 1329840
19   1     5    526828  134484  1689770
19   1     6    444551  110984  1470190
19   1     7    406278  102516  1358450
19   1     8    497696  127418  1708730
19   2     1    573230  141518  1942220
19   2     2    443533  109751  1532290
19   2     3    464229  115904  1670110
19   2     4    475627  122825  1569730
19   2     5    503642  134832  1593640
19   2     6    490339  117710  1703180
19   2     7    565340  139799  1876120
19   2     8    486063  122247  1706960
19   3     1    492825  124609  1737910
19   3     2    456562  114984  1728420
19   3     3    485507  119691  1800050
19   3     4    480637  120779  1780690
19   3     5    453710  118387  1629910
19   3     6    540540  130282  2001520
19   3     7    479628  122076  1692430
19   3     8    531036  136394  1974480
2    1     1    495591  118343  1589070
2    1     2    474653  117014  1666840
2    1     3    528998  132269  1579190
2    1     4    556465  131633  1813670
2    1     5    479515  126498  1400000
2    1     6    491802  123092  1389230
2    1     7    489405  119649  1495660
2    1     8    435660  89752.3 1416410
2    2     1    495471  114114  1531790
2    2     2    527139  130834  1879800
2    2     3    465755  116622  1537740
2    2     4    518919  131160  1714130
2    2     5    568058  135674  1893670
2    2     6    469774  119016  1575770
2    2     7    545011  133256  1631930
2    2     8    495337  128569  1603780
2    3     1    512399  125440  1706910
2    3     2    522050  135105  1865400
2    3     3    489468  124371  1687580
2    3     4    450787  117056  1681560
2    3     5    538700  126200  2056570
2    3     6    522455  129038  1900190
2    3     7    478545  113092  1812260
2    3     8    455214  112537  1606640
20   1     1    422777  121158  1317670
20   1     2    487265  132245  1459890
20   1     3    601956  166541  1727700
20   1     4    476638  126883  1411070
20   1     5    430752  110767  1427440
20   1     6    586232  124613  1723610
20   1     7    496607  137106  1441590
20   1     8    473765  130924  1447520
20   2     1    546098  133527  1737940
20   2     2    488614  151050  1631940
20   2     3    507872  124674  1616070
20   2     4    438798  110337  1432430
20   2     5    496601  128250  1604790
20   2     6    533988  139169  1667890
20   2     7    397650  100349  1392480
20   2     8    503584  140175  1550360
20   3     1    457609  116437  1591760
20   3     2    479859  148093  1703990
20   3     3    453953  117428  1704170
20   3     4    567425  139286  2148330
20   3     5    527795  137456  1995210
20   3     6    583948  137999  1898020
20   3     7    538556  146259  1894570
20   3     8    523619  131955  2027320
21   1     1    443612  131103  1384960
21   1     2    500124  131673  1599020
21   1     3    447415  117908  1423050
21   1     4    505565  135197  1646140
21   1     5    483222  132804  1545140
21   1     6    421895  103788  1341210
21   1     7    499433  133315  1519450
21   1     8    439304  128012  1386360
21   2     1    449861  115329  1562130
21   2     2    463577  113356  1617580
21   2     3    479221  131617  1578120
21   2     4    574831  171471  2044090
21   2     5    553133  136957  1843040
21   2     6    517508  123150  1766930
21   2     7    555502  132919  1654100
21   2     8    627199  140974  2068760
21   3     1    495476  131429  1829620
21   3     2    553212  156505  1881370
21   3     3    569974  157532  2017190
21   3     4    556472  164317  2072110
21   3     5    534660  110578  1745110
21   3     6    516121  141399  1816300
21   3     7    454932  116425  1605040
21   3     8    583579  142815  1914530
22   1     1    448244  115089  1595500
22   1     2    430673  106666  1205680
22   1     3    439854  119629  1438520
22   1     4    405583  103889  1334000
22   1     5    429616  112615  1493000
22   1     6    494437  125677  1456490
22   1     7    527578  134516  1763700
22   1     8    467793  115754  1496940
22   2     1    516289  120319  1677440
22   2     2    525277  137902  1780360
22   2     3    446274  114362  1509560
22   2     4    453671  115478  1547150
22   2     5    453177  115882  1575810
22   2     6    541227  129693  1959120
22   2     7    544852  137084  1905110
22   2     8    440961  110979  1650420
22   3     1    500104  129553  1817590
22   3     2    467862  114260  1687320
22   3     3    483394  129442  1714380
22   3     4    555611  133803  2038700
22   3     5    523364  131515  1928490
22   3     6    514294  130081  1958570
22   3     7    508819  134965  1993430
22   3     8    483279  115380  1795970
23   1     1    481934  122485  1487010
23   1     2    562888  130848  1686780
23   1     3    495001  119770  1556320
23   1     4    505040  118738  1621840
23   1     5    525600  131659  1714350
23   1     6    587641  147049  1891700
23   1     7    404680  107092  1283420
23   1     8    487754  116597  1689020
23   2     1    482835  114683  1727000
23   2     2    535054  124627  1775390
23   2     3    541770  137328  1991540
23   2     4    598483  137315  2010690
23   2     5    549449  133957  1927830
23   2     6    461085  114520  1596430
23   2     7    481660  117465  1629090
23   2     8    573376  137294  1995200
23   3     1    554422  145210  2023270
23   3     2    513918  119177  1769130
23   3     3    497133  128125  1890110
23   3     4    518783  120430  1856380
23   3     5    554545  144197  2157010
23   3     6    497082  123002  1950950
23   3     7    497339  129742  1888770
23   3     8    574160  144241  2183200
24   1     1    415218  104198  1323100
24   1     2    522308  128493  1791690
24   1     3    406896  110330  1387060
24   1     4    481842  124621  1570500
24   1     5    447039  117596  1500180
24   1     6    524729  139989  1764140
24   1     7    451838  114665  1570990
24   1     8    496109  129932  1662420
24   2     1    481599  125087  1666600
24   2     2    417286  109308  1429840
24   2     3    507694  129265  1580730
24   2     4    489542  120551  1684870
24   2     5    484198  119049  1722100
24   2     6    456169  111291  1593260
24   2     7    566800  128306  1732490
24   2     8    437172  113762  1518180
24   3     1    524436  138134  1825180
24   3     2    576600  147036  2034350
24   3     3    504730  135069  1892170
24   3     4    547628  135541  1957550
24   3     5    503475  130704  1813880
24   3     6    528930  137997  2076320
24   3     7    524436  131903  1978970
24   3     8    483950  116238  1690990
25   1     1    525902  137800  1640310
25   1     2    430997  112832  1401200
25   1     3    486234  120082  1564080
25   1     4    454250  116084  1370420
25   1     5    415887  108574  1381990
25   1     6    399605  98606.3 1248080
25   1     7    517789  129756  1613980
25   1     8    519911  131777  1694340
25   2     1    560824  137846  1856120
25   2     2    502957  130608  1592260
25   2     3    500104  130953  1656020
25   2     4    455174  117198  1559630
25   2     5    520483  133461  1722820
25   2     6    478224  124785  1702030
25   2     7    549011  136861  1765020
25   2     8    487022  120203  1494440
25   3     1    459122  115067  1740230
25   3     2    585097  147577  2069470
25   3     3    535179  134839  1897500
25   3     4    553866  140927  2055190
25   3     5    538616  132263  1850370
25   3     6    569874  145161  2057030
25   3     7    562630  148091  1984780
25   3     8    545986  138876  1890440
26   1     1    525699  121877  1783540
26   1     2    439303  101001  1443720
26   1     3    485720  104825  1440130
26   1     4    457730  98519.1 1463010
26   1     5    465883  110668  1506610
26   1     6    463168  119687  1642880
26   1     7    474699  124111  1617280
26   1     8    448383  112724  1489570
26   2     1    510522  127461  1696600
26   2     2    438868  101910  1531090
26   2     3    483557  118249  1713160
26   2     4    425559  106935  1543700
26   2     5    578696  142163  2162700
26   2     6    480874  119138  1636920
26   2     7    430721  109213  1583290
26   2     8    530500  131990  1995410
26   3     1    499606  130119  1871620
26   3     2    489164  117618  1826490
26   3     3    546695  134439  2101180
26   3     4    543252  131224  1962130
26   3     5    397239  103429  1518570
26   3     6    597915  141420  2211520
26   3     7    595115  133816  2158720
26   3     8    483310  122422  1796360
27   1     1    449744  115714  1566500
27   1     2    523484  127375  1802240
27   1     3    513178  125628  1617000
27   1     4    504210  130275  1651660
27   1     5    540034  120490  1586660
27   1     6    481058  123898  1592830
27   1     7    544495  134054  1745270
27   1     8    508613  117978  1816400
27   2     1    555663  134744  1974700
27   2     2    495158  119386  1723160
27   2     3    458239  111119  1742110
27   2     4    493462  111183  1713910
27   2     5    457919  112217  1589030
27   2     6    783335  197480  2436980
27   2     7    567620  146799  1726270
27   2     8    582397  130497  1968330
27   3     1    511845  126217  1973430
27   3     2    551127  141031  2105750
27   3     3    574034  145224  2140810
27   3     4    573942  159983  2041530
27   3     5    543521  137437  2162690
27   3     6    606582  142740  2186340
27   3     7    644981  134759  2158790
27   3     8    624965  155790  2317960
28   1     1    427264  120190  1313470
28   1     2    578675  145797  1889540
28   1     3    437063  111982  1435930
28   1     4    478926  119859  1491250
28   1     5    524820  142518  1705930
28   1     6    462513  131623  1343930
28   1     7    442811  115368  1420840
28   1     8    417675  120490  1279940
28   2     1    429251  114589  1482860
28   2     2    509893  127185  1708910
28   2     3    492561  119634  1647770
28   2     4    449972  122458  1586340
28   2     5    484231  135485  1635420
28   2     6    489332  112267  1569210
28   2     7    432758  119519  1477240
28   2     8    546782  145090  1903550
28   3     1    490837  136756  1823110
28   3     2    509417  135604  1895400
28   3     3    508341  124650  1801090
28   3     4    441006  117759  1724550
28   3     5    518866  131635  1841160
28   3     6    532601  131989  1843910
28   3     7    464210  125078  1709110
28   3     8    481739  140925  1805400
29   1     1    501554  136693  1386160
29   1     2    478252  129449  1618740
29   1     3    419779  118479  1271940
29   1     4    545672  136895  1710700
29   1     5    447816  123048  1597880
29   1     6    519821  127075  1503380
29   1     7    505917  120269  1453270
29   1     8    447190  118841  1437300
29   2     1    479765  123442  1666110
29   2     2    420112  110082  2018710
29   2     3    482337  129350  1689030
29   2     4    531957  144761  1772560
29   2     5    474701  124926  1500760
29   2     6    626459  146659  1482050
29   2     7    485948  125269  1689600
29   2     8    489641  133670  1746310
29   3     1    519554  134041  1815090
29   3     2    538332  149705  1978240
29   3     3    488632  126619  1691720
29   3     4    520046  145557  1964940
29   3     5    530309  157518  1732720
29   3     6    518309  142903  1821880
29   3     7    557715  157233  2118590
29   3     8    521783  128571  1882540
3    1     1    424104  106781  1388940
3    1     2    481900  120426  1565130
3    1     3    498478  122856  1575180
3    1     4    525642  131926  1652650
3    1     5    479647  121085  1499140
3    1     6    541577  140440  1803110
3    1     7    575553  141360  1680670
3    1     8    425832  103790  1348340
3    2     1    481176  113041  1489950
3    2     2    474361  126000  1621960
3    2     3    489725  117450  1717120
3    2     4    417805  104456  1459100
3    2     5    424624  100851  1397950
3    2     6    444607  110038  1534810
3    2     7    463783  113464  1571380
3    2     8    531487  114123  1767410
3    3     1    630835  148121  2114730
3    3     2    561699  143155  1887470
3    3     3    426742  103590  1600550
3    3     4    515406  124651  1787960
3    3     5    542084  131662  1840160
3    3     6    489775  121144  1650130
3    3     7    506894  119984  1705050
3    3     8    538905  137505  1878370
30   1     1    571788  152689  1787070
30   1     2    519787  156909  1671150
30   1     3    466612  118146  1774360
30   1     4    488556  130419  1517350
30   1     5    496918  142479  1579960
30   1     6    503385  133884  1545630
30   1     7    614732  139661  1551620
30   1     8    459987  116363  1599860
30   2     1    422450  100491  1391810
30   2     2    531153  131911  1776520
30   2     3    513288  123485  1551050
30   2     4    463548  111044  1697150
30   2     5    426654  100986  1403930
30   2     6    468555  131738  1517200
30   2     7    573237  147265  2037730
30   2     8    495807  127400  1585860
30   3     1    514246  159146  1974640
30   3     2    513801  137471  1915560
30   3     3    495413  134712  1854890
30   3     4    497378  123967  1798150
30   3     5    496628  127224  1891650
30   3     6    538646  140671  2018350
30   3     7    612703  155720  2222440
30   3     8    462141  116969  1725030
31   1     1    434264  105043  1438520
31   1     2    457404  119661  1454130
31   1     3    482990  122895  1576660
31   1     4    467095  127750  1412920
31   1     5    467172  148223  1466850
31   1     6    454907  123694  1496680
31   1     7    522574  140769  1675140
31   1     8    508034  137712  1664670
31   2     1    525483  137905  1680690
31   2     2    475004  129768  1534890
31   2     3    535484  161215  1724800
31   2     4    492160  141139  1560030
31   2     5    576059  146733  1960650
31   2     6    468667  119227  1570640
31   2     7    486178  126840  1622460
31   2     8    508048  146052  1789370
31   3     1    553456  149124  2019170
31   3     2    490209  139526  1776230
31   3     3    513546  132765  1955980
31   3     4    562661  157203  2086820
31   3     5    578987  144758  2071680
31   3     6    507606  126193  1867280
31   3     7    534406  153283  2027230
31   3     8    599961  160202  2252250
32   1     1    510086  142286  1555340
32   1     2    470070  116687  1533980
32   1     3    596864  137603  1704030
32   1     4    666139  158784  1728170
32   1     5    546541  138825  1740760
32   1     6    473944  135705  1484070
32   1     7    446472  124569  1366530
32   1     8    573932  173831  1731780
32   2     1    499505  127492  1700860
32   2     2    417822  104876  1434850
32   2     3    502340  127396  1698080
32   2     4    462832  120766  1559020
32   2     5    486178  130127  1669220
32   2     6    560263  128770  1735510
32   2     7    544433  149293  1801600
32   2     8    496293  138364  1608100
32   3     1    516257  154647  1744700
32   3     2    423090  102247  1630420
32   3     3    554500  142731  2139710
32   3     4    545047  145937  1892960
32   3     5    534005  131456  1966240
32   3     6    476434  129515  1790710
32   3     7    547409  147650  2098830
32   3     8    528099  134045  1927990
33   1     1    468693  123129  1452610
33   1     2    475553  133462  1534940
33   1     3    552750  146047  1789680
33   1     4    525637  130804  1485510
33   1     5    463164  128848  1480170
33   1     6    458616  133938  1461440
33   1     7    492326  123943  1570280
33   1     8    455716  111630  1523170
33   2     1    514455  133056  1618860
33   2     2    483428  124003  1651500
33   2     3    449600  129265  1449410
33   2     4    477800  120749  1578890
33   2     5    490600  136787  1731750
33   2     6    451119  113504  1644350
33   2     7    460432  123035  1598720
33   2     8    477871  124220  1677810
33   3     1    550541  146153  2012450
33   3     2    523938  144062  1965640
33   3     3    551774  152014  2006580
33   3     4    536302  144678  1959790
33   3     5    548931  151389  2020670
33   3     6    435222  109405  1622290
33   3     7    508434  132054  1745600
33   3     8    610327  153977  2021160
34   1     1    515573  131310  1790360
34   1     2    565229  136737  1537910
34   1     3    556850  133962  1819230
34   1     4    471390  115445  1648880
34   1     5    509126  129038  1961460
34   1     6    463682  120969  1914860
34   1     7    466215  114490  1611370
34   1     8    539447  132128  1782140
34   2     1    418879  108228  1452210
34   2     2    472056  114463  1758680
34   2     3    567165  143466  1978580
34   2     4    481166  113716  1826260
34   2     5    463231  115125  1630380
34   2     6    533667  127505  1748850
34   2     7    463661  117426  1597320
34   2     8    478780  117172  1624990
34   3     1    521228  131661  1902280
34   3     2    534447  140481  1896950
34   3     3    566993  146373  2169470
34   3     4    622801  166677  2275560
34   3     5    550586  136471  2311280
34   3     6    566936  141435  2144560
34   3     7    510358  128454  2096920
34   3     8    583132  153454  2173980
35   1     1    571276  142041  1998110
35   1     2    468544  122265  1609220
35   1     3    462065  115966  1399720
35   1     4    454908  107461  1466570
35   1     5    570852  147065  2086520
35   1     6    541034  131755  1722170
35   1     7    513729  148081  1546460
35   1     8    412042  100044  1271470
35   2     1    506145  123418  1737250
35   2     2    542327  131677  1881930
35   2     3    513704  129311  1829240
35   2     4    501908  125171  1845830
35   2     5    559824  159209  1841310
35   2     6    520559  144115  1711640
35   2     7    495664  126210  1673300
35   2     8    448639  113578  1568680
35   3     1    600308  150699  2217920
35   3     2    446432  116608  1628210
35   3     3    612432  147701  2359470
35   3     4    644848  181199  2329980
35   3     5    511481  133193  1924190
35   3     6    523658  141509  2006460
35   3     7    663879  169312  2546240
35   3     8    643984  165808  2324560
36   1     1    494772  134368  1528610
36   1     2    513299  107627  1464240
36   1     3    478512  125394  1484750
36   1     4    538627  137847  1660070
36   1     5    570169  136451  1758800
36   1     6    530911  120168  1655530
36   1     7    535117  128089  1681260
36   1     8    566455  129294  1582180
36   2     1    548091  121760  1685270
36   2     2    515820  124357  1742880
36   2     3    436316  106391  1555940
36   2     4    505163  119894  1681020
36   2     5    456369  115339  1528220
36   2     6    606182  152680  2248940
36   2     7    532706  137689  1838570
36   2     8    576573  137430  1866710
36   3     1    643885  155500  2298050
36   3     2    665894  177890  2405310
36   3     3    635852  154704  2336220
36   3     4    557636  145461  1959760
36   3     5    585106  152390  2121200
36   3     6    541287  136068  2027820
36   3     7    583804  154127  2397320
36   3     8    635249  161935  2351310
4    1     1    511647  124586  1537720
4    1     2    566492  128885  1560180
4    1     3    490399  120576  1483340
4    1     4    459078  113723  1357550
4    1     5    506467  124668  1504900
4    1     6    494609  121127  1486070
4    1     7    416539  117407  1132240
4    1     8    528755  125071  1610530
4    2     1    424195  101759  1309810
4    2     2    475617  111742  1563070
4    2     3    524740  125702  1627720
4    2     4    454338  105917  1387930
4    2     5    460004  118100  1547900
4    2     6    501273  119458  1637470
4    2     7    506102  123290  1530310
4    2     8    473285  110510  1562990
4    3     1    557584  131944  2024250
4    3     2    478300  112744  1829480
4    3     3    510037  134722  1758620
4    3     4    513309  134166  1764450
4    3     5    575005  117009  1727650
4    3     6    535027  133166  1799680
4    3     7    483776  122771  1705850
4    3     8    523160  132352  1757940
5    1     1    457693  120677  1362120
5    1     2    481111  120318  1480220
5    1     3    447168  106890  1398180
5    1     4    470199  116058  1503700
5    1     5    443860  107278  1432230
5    1     6    468250  115822  1453400
5    1     7    496745  122976  1624420
5    1     8    451193  114745  1365200
5    2     1    559343  137192  1887290
5    2     2    477020  112115  1574000
5    2     3    515766  125696  1667510
5    2     4    523730  125382  1665340
5    2     5    553225  135329  1825600
5    2     6    513137  128185  1850270
5    2     7    516260  125293  1600640
5    2     8    487177  115980  1568990
5    3     1    506035  121309  1736870
5    3     2    521003  141210  1676320
5    3     3    483392  125918  1738720
5    3     4    562789  142848  2000740
5    3     5    573932  154469  1925190
5    3     6    524071  144174  1760420
5    3     7    473402  119662  1702090
5    3     8    465335  120753  1592210
6    1     1    525922  131633  1686810
6    1     2    495233  120296  1268630
6    1     3    537320  124000  1542840
6    1     4    420417  104305  1371220
6    1     5    502306  131087  1629580
6    1     6    442386  104855  1472640
6    1     7    508988  124973  1559660
6    1     8    470480  115595  1464580
6    2     1    505207  126572  1624730
6    2     2    517617  129252  1834020
6    2     3    475559  123307  1556150
6    2     4    443325  100986  1492360
6    2     5    507123  124238  1611070
6    2     6    507134  126141  1766310
6    2     7    467838  115303  1604610
6    2     8    530806  144019  1740270
6    3     1    532513  121570  1781190
6    3     2    589146  142838  2123160
6    3     3    437831  111117  1552010
6    3     4    522529  136883  1775010
6    3     5    531095  124272  1970480
6    3     6    500864  130448  1808260
6    3     7    579008  147328  2131990
6    3     8    488142  137612  1859540
7    1     1    680306  171019  1880030
7    1     2    609514  129904  1756970
7    1     3    481685  104049  1528230
7    1     4    514041  123001  1554160
7    1     5    529852  116347  1528750
7    1     6    507544  116969  1521020
7    1     7    570627  140546  1750870
7    1     8    415205  104481  1413300
7    2     1    532047  127327  1991690
7    2     2    567257  133236  1919440
7    2     3    545566  138382  1783150
7    2     4    536399  124424  1730880
7    2     5    567805  130039  1788010
7    2     6    561437  136626  1950180
7    2     7    551903  130782  1799830
7    2     8    563969  134070  1862150
7    3     1    560306  135096  1921570
7    3     2    534162  136663  1831820
7    3     3    588584  137181  1910430
7    3     4    501851  126106  1924440
7    3     5    518264  126932  1755680
7    3     6    513226  122474  1702820
7    3     7    546705  126912  1989110
7    3     8    522198  132452  1964730
8    1     1    465430  116467  1317360
8    1     2    475436  113103  1413030
8    1     3    486733  113751  1427740
8    1     4    488894  118108  1404110
8    1     5    461258  114481  1355660
8    1     6    495659  121998  1480190
8    1     7    530676  127121  1556410
8    1     8    484812  118847  1521220
8    2     1    482370  121889  1598580
8    2     2    532277  129382  1662620
8    2     3    526515  129133  1634800
8    2     4    558754  155060  1671640
8    2     5    486181  118106  1627400
8    2     6    509455  119582  1625350
8    2     7    571039  141258  1781370
8    2     8    488455  127890  1464300
8    3     1    543393  133373  2044550
8    3     2    549607  134473  1881230
8    3     3    552791  135547  1859690
8    3     4    495965  111754  1714890
8    3     5    573377  144534  2043360
8    3     6    501562  125689  1752040
8    3     7    527119  133506  1848350
8    3     8    544770  128624  1818410
9    1     1    485979  116433  1588510
9    1     2    511148  145770  1347160
9    1     3    641356  153441  1992020
9    1     4    573136  138084  1681430
9    1     5    515345  132858  1477230
9    1     6    509298  124287  1616230
9    1     7    514336  121438  1499750
9    1     8    550098  136223  1557470
9    2     1    587677  151047  1723980
9    2     2    564448  135978  1758930
9    2     3    462715  105552  1496100
9    2     4    555769  132563  1824860
9    2     5    504841  124194  1597250
9    2     6    504803  126502  1694440
9    2     7    541050  122216  1733070
9    2     8    488050  128817  1520040
9    3     1    573612  144700  2088780
9    3     2    578933  141116  2008340
9    3     3    539770  133649  1814870
9    3     4    510806  150336  1913940
9    3     5    572251  136974  2087000
9    3     6    556596  135458  1827630
9    3     7    451267  126970  1814070
9    3     8    463527  118628  1665920
