#ROBOX   BB    PMT   OV1 Gain OV2 Gain OV1+100
1    1     1    683220  155337  2187320
1    1     2    385002  93506.9 1172240
1    1     3    469486  111341  1400110
1    1     4    353302  84694.2 1026180
1    1     5    395134  96191.8 1229060
1    1     6    487680  117698  1431850
1    1     7    449344  101806  1240060
1    1     8    432312  104328  1158400
1    2     1    505162  129824  1668020
1    2     2    521840  138956  1462290
1    2     3    509646  123366  1762160
1    2     4    493081  123932  1625590
1    2     5    505898  126160  1691220
1    2     6    490989  125720  1744800
1    2     7    498680  116319  1619830
1    2     8    534673  135584  1831020
1    3     1    440220  114772  1634950
1    3     2    503616  126933  1884860
1    3     3    558886  146349  1787810
1    3     4    567633  127443  1857000
1    3     5    501679  119632  1730760
1    3     6    485663  119753  1737950
1    3     7    502033  117935  1733420
1    3     8    468845  114568  1640260
10   1     1    495187  122179  1464460
10   1     2    473025  133743  1346010
10   1     3    488010  120402  1382970
10   1     4    479591  119021  1357710
10   1     5    494110  126414  1394560
10   1     6    534544  162758  1399160
10   1     7    469448  139944  1320970
10   1     8    420181  111026  1190720
10   2     1    479062  132250  1584280
10   2     2    586841  142426  1966920
10   2     3    525617  153138  1575440
10   2     4    481751  141755  1465850
10   2     5    452747  115565  1421480
10   2     6    482286  126792  1482060
10   2     7    435961  106928  1388370
10   2     8    521306  136041  1637000
10   3     1    448063  111256  1646890
10   3     2    483824  123368  1578900
10   3     3    480924  118719  1574860
10   3     4    473231  124119  1434030
10   3     5    550909  137243  1827100
10   3     6    562657  146956  1807340
10   3     7    531829  139618  1700260
10   3     8    511653  140796  1667100
11   1     1    452563  110567  1411470
11   1     2    481478  114153  1433280
11   1     3    443797  112122  1237740
11   1     4    431074  110893  1377280
11   1     5    493394  120499  1429530
11   1     6    480893  120749  1412200
11   1     7    439626  117159  1368370
11   1     8    552149  127590  1537560
11   2     1    508536  129903  1614660
11   2     2    507915  131311  1594060
11   2     3    469166  122446  1466570
11   2     4    483183  112835  1459120
11   2     5    502571  124790  1514270
11   2     6    551810  148159  1675910
11   2     7    433617  117308  1335880
11   2     8    533066  124801  1680370
11   3     1    536735  134762  1766200
11   3     2    566633  142606  1815140
11   3     3    516579  137828  1660100
11   3     4    524244  128082  1935740
11   3     5    470111  119038  1494930
11   3     6    443873  104305  1533090
11   3     7    623260  147174  2142780
11   3     8    434470  106828  1495690
12   1     1    473008  111774  1395000
12   1     2    528964  133388  1483510
12   1     3    443355  114795  1253130
12   1     4    483905  119845  1388770
12   1     5    459182  115091  1329900
12   1     6    540821  123590  1613210
12   1     7    488872  125210  1394120
12   1     8    492093  118254  1386660
12   2     1    481546  122394  1618030
12   2     2    445564  114575  1433530
12   2     3    406007  100997  1315860
12   2     4    514462  130213  1591200
12   2     5    517021  127189  1644780
12   2     6    509284  127933  1585730
12   2     7    560388  133905  1742390
12   2     8    573292  145334  1732540
12   3     1    479738  124716  1766370
12   3     2    594868  150685  1998220
12   3     3    535613  133538  1741260
12   3     4    480389  119591  1599740
12   3     5    506875  115567  1803270
12   3     6    515956  132253  1663800
12   3     7    550721  137331  1852810
12   3     8    526427  135211  1792680
13   1     1    467321  112011  1437430
13   1     2    451061  107885  1334370
13   1     3    451081  123577  1145760
13   1     4    457298  137884  1238720
13   1     5    470751  128638  1326530
13   1     6    417326  112722  1190550
13   1     7    511031  118419  1501840
13   1     8    475862  121097  1499590
13   2     1    485608  125219  1603310
13   2     2    455174  112937  1568100
13   2     3    497440  141893  1513610
13   2     4    448448  110057  1449240
13   2     5    485274  115141  1633920
13   2     6    479139  107779  1544600
13   2     7    458887  114981  1420380
13   2     8    474776  128312  1489790
13   3     1    512558  124828  1793510
13   3     2    496496  134712  1672780
13   3     3    522223  136884  1683560
13   3     4    592598  150089  1923680
13   3     5    574502  173591  1896110
13   3     6    476358  117206  1592730
13   3     7    518193  133083  1775780
13   3     8    489104  124451  1668440
14   1     1    503787  114212  1449080
14   1     2    483908  116075  1494110
14   1     3    439674  103635  1294660
14   1     4    679765  160970  1947150
14   1     5    482004  112957  1545090
14   1     6    499231  116022  1484530
14   1     7    474669  114057  1469010
14   1     8    487014  114593  1491370
14   2     1    533098  132304  1771900
14   2     2    453238  109010  1499560
14   2     3    494571  121472  1577730
14   2     4    514108  117465  1543260
14   2     5    494312  128293  1504500
14   2     6    497985  124518  1681970
14   2     7    520742  125234  1759430
14   2     8    498064  120907  1583640
14   3     1    494008  122523  1791720
14   3     2    588201  142964  1895090
14   3     3    478840  121168  1669360
14   3     4    503165  121318  1836750
14   3     5    503488  134364  1662150
14   3     6    510907  116534  1724440
14   3     7    457163  117547  1706800
14   3     8    529921  121833  1608010
15   1     1    454834  116540  1253500
15   1     2    488440  118670  1543650
15   1     3    472714  118591  1371270
15   1     4    612389  166272  1717060
15   1     5    506053  124849  1510020
15   1     6    445864  112833  1389260
15   1     7    495170  109887  1407290
15   1     8    470540  121922  1338060
15   2     1    499627  118298  1582030
15   2     2    494317  126435  1555160
15   2     3    579356  155308  1756410
15   2     4    518721  133416  1632040
15   2     5    522323  137404  1642090
15   2     6    443083  108983  1481140
15   2     7    467173  122158  1400430
15   2     8    554660  139316  1751150
15   3     1    470254  120964  1586280
15   3     2    532750  149387  1648540
15   3     3    558716  145212  1882460
15   3     4    567724  147155  1812120
15   3     5    596101  154578  1983120
15   3     6    446984  111896  1494960
15   3     7    456211  112551  1536360
15   3     8    544496  135150  1900030
16   1     1    559874  146983  1699990
16   1     2    507173  130043  1391950
16   1     3    464981  115098  1415170
16   1     4    583751  148326  1656450
16   1     5    546756  136897  1572730
16   1     6    577330  163907  1585860
16   1     7    454184  126675  1272530
16   1     8    540452  144597  1490750
16   2     1    529490  150297  1671190
16   2     2    523777  132781  1688330
16   2     3    536628  149540  1657890
16   2     4    457342  121632  1412160
16   2     5    518058  147030  1538510
16   2     6    583372  160529  1789940
16   2     7    495183  127569  1509210
16   2     8    569536  160837  1705750
16   3     1    611468  156042  2119250
16   3     2    410269  112290  1377790
16   3     3    565871  145583  1902970
16   3     4    679759  182238  2311380
16   3     5    580097  148410  1903680
16   3     6    498732  131595  1589120
16   3     7    517612  150760  1576800
16   3     8    499388  143419  1684210
17   1     1    526672  127409  1564180
17   1     2    492075  124231  1339520
17   1     3    525323  163882  1412070
17   1     4    495123  99775.3 1351650
17   1     5    494383  137718  1420990
17   1     6    487167  135468  1365910
17   1     7    514563  127516  1417490
17   1     8    571797  144756  1665000
17   2     1    580940  151373  1800150
17   2     2    452480  118842  1375130
17   2     3    588343  154428  1530940
17   2     4    501433  129232  1592820
17   2     5    535580  129025  1579800
17   2     6    523657  140531  1563980
17   2     7    555392  150729  1641570
17   2     8    521623  149620  1461710
17   3     1    546925  140905  1764080
17   3     2    521423  131796  1760760
17   3     3    509912  125292  1687380
17   3     4    574332  153130  1896570
17   3     5    458758  116209  1501390
17   3     6    480056  135489  1607380
17   3     7    435696  112964  1477300
17   3     8    580660  149894  1890420
18   1     1    516169  118302  1537880
18   1     2    485671  123298  1474300
18   1     3    583669  167779  1547730
18   1     4    644103  177564  1891320
18   1     5    563029  146979  1630180
18   1     6    484827  116180  1439850
18   1     7    509924  121634  1635480
18   1     8    559934  156800  1497920
18   2     1    558535  148934  1674600
18   2     2    567766  147629  1752650
18   2     3    464661  119537  1464680
18   2     4    431224  108015  1398800
18   2     5    514193  136579  1594490
18   2     6    473357  125616  1453200
18   2     7    560785  141079  1873230
18   2     8    581100  154718  1796860
18   3     1    556629  143507  1937040
18   3     2    492870  132461  1549790
18   3     3    579478  149390  1890720
18   3     4    539280  127573  1832040
18   3     5    566509  158982  1898680
18   3     6    465323  141050  1505850
18   3     7    539311  135214  1874230
18   3     8    523318  129226  1704090
19   1     1    483578  117447  1507980
19   1     2    534523  128652  1651870
19   1     3    514082  123021  1629690
19   1     4    519570  124818  1604160
19   1     5    525268  154074  1400380
19   1     6    718895  169255  2214670
19   1     7    720345  167655  2160880
19   1     8    482027  115374  1509940
19   2     1    489267  117035  1647880
19   2     2    494497  122670  1622920
19   2     3    436524  108508  1485490
19   2     4    480655  118951  1675400
19   2     5    487201  115155  1721840
19   2     6    478254  111005  1592440
19   2     7    501145  118522  1821220
19   2     8    555844  131121  1794220
19   3     1    432645  103214  1484990
19   3     2    500702  130642  1826890
19   3     3    484828  118711  1773040
19   3     4    499053  123352  1771140
19   3     5    523256  128016  1775700
19   3     6    455723  111353  1605330
19   3     7    445909  113481  1665790
19   3     8    473975  117344  1597540
2    1     1    612242  122503  2099610
2    1     2    411590  90724.1 1160770
2    1     3    461722  109883  1282560
2    1     4    455171  111089  1354940
2    1     5    405594  96606.7 1195330
2    1     6    510772  107964  1384240
2    1     7    443156  111524  1256930
2    1     8    479877  115757  1428950
2    2     1    525430  128799  1605050
2    2     2    427465  105256  1461210
2    2     3    455808  109084  1543880
2    2     4    448259  109870  1582810
2    2     5    498229  135807  1959100
2    2     6    572711  138055  1859690
2    2     7    575812  144266  1842190
2    2     8    507628  126386  1561430
2    3     1    631694  145112  2078210
2    3     2    526475  129197  1967960
2    3     3    459888  114073  1528010
2    3     4    515022  131345  1740300
2    3     5    510734  138968  1641670
2    3     6    598843  145441  2057270
2    3     7    543584  139248  1756020
2    3     8    482544  127161  1531950
20   1     1    468401  116112  1431090
20   1     2    410287  103183  1256870
20   1     3    509918  128321  1479710
20   1     4    496956  117379  1618070
20   1     5    460730  122067  1501230
20   1     6    467918  114761  1400930
20   1     7    442716  120912  1352550
20   1     8    474184  107888  1335910
20   2     1    491159  116567  1797870
20   2     2    484879  114355  1669580
20   2     3    489099  121153  1605820
20   2     4    515713  118908  1750700
20   2     5    539619  127346  1871200
20   2     6    459312  114835  1475760
20   2     7    519312  129859  1677570
20   2     8    500660  127087  1705760
20   3     1    546536  128871  1913290
20   3     2    488971  124035  1762310
20   3     3    495550  120122  1783620
20   3     4    460957  118781  1559930
20   3     5    499945  132457  1803540
20   3     6    555579  141134  2009860
20   3     7    487353  123765  1861820
20   3     8    505287  125679  1796150
21   1     1    452185  105554  1279640
21   1     2    389080  92894.4 1173270
21   1     3    512962  121993  1609480
21   1     4    505870  124517  1830170
21   1     5    519913  126147  1606940
21   1     6    554921  133627  1599970
21   1     7    547328  131354  1535330
21   1     8    529388  118408  1619370
21   2     1    539000  120351  1772360
21   2     2    536595  137620  1784830
21   2     3    538970  137796  1787030
21   2     4    465195  120786  1663670
21   2     5    444488  107530  1448040
21   2     6    448110  104814  1470510
21   2     7    471550  115598  1544540
21   2     8    479919  114422  1545620
21   3     1    546498  133958  2104070
21   3     2    493027  115397  1656140
21   3     3    461179  110599  1656940
21   3     4    474218  118370  1631840
21   3     5    546846  130150  1905560
21   3     6    489939  124836  1706910
21   3     7    510149  124702  1682300
21   3     8    463811  115615  1624180
22   1     1    510403  118424  1504830
22   1     2    511588  123582  1527650
22   1     3    600646  149706  1852200
22   1     4    534478  119970  1616010
22   1     5    453265  116816  1505640
22   1     6    550964  122052  1731840
22   1     7    530930  132130  1602070
22   1     8    468812  120137  1425460
22   2     1    598481  150043  1779100
22   2     2    510455  126766  1741950
22   2     3    458975  104788  1510770
22   2     4    483539  109995  1634030
22   2     5    437436  105761  1483550
22   2     6    486650  116399  1591630
22   2     7    695934  165474  2392460
22   2     8    573183  149749  1827280
22   3     1    495996  113850  1674200
22   3     2    461697  116089  1688730
22   3     3    491074  120752  1668180
22   3     4    523556  126903  1698040
22   3     5    543709  124821  1906480
22   3     6    489370  120149  1716040
22   3     7    437310  109297  1543190
22   3     8    431962  115552  1565160
23   1     1    589287  137790  1719230
23   1     2    491522  122780  1456730
23   1     3    434764  103930  1329290
23   1     4    457570  115188  1384760
23   1     5    531510  126390  1590410
23   1     6    474012  117349  1511680
23   1     7    483192  126397  1466820
23   1     8    425193  105943  1276220
23   2     1    511757  127309  1814060
23   2     2    484554  114218  1611370
23   2     3    458399  115256  1585040
23   2     4    480581  111630  1602490
23   2     5    518892  132336  1797050
23   2     6    546211  131058  1831660
23   2     7    506300  124081  1663130
23   2     8    509488  122378  1754500
23   3     1    501790  123270  1758960
23   3     2    481096  107468  1687570
23   3     3    447052  109272  1529620
23   3     4    524475  129859  1848960
23   3     5    493185  122100  1785000
23   3     6    466193  112748  1753290
23   3     7    561190  131498  2028390
23   3     8    491425  126021  1827330
24   1     1    491879  119070  1588850
24   1     2    455443  98004.7 1404970
24   1     3    469526  115581  1531180
24   1     4    431083  109993  1393730
24   1     5    487112  110742  1497050
24   1     6    632945  140272  1922690
24   1     7    559478  131067  1689220
24   1     8    500636  128441  1403990
24   2     1    448698  107178  1378290
24   2     2    480164  119806  1716490
24   2     3    558776  158694  1817480
24   2     4    544448  136151  1860480
24   2     5    525401  127088  1716000
24   2     6    575756  146804  1765420
24   2     7    495322  121148  1539960
24   2     8    536933  133785  1826440
24   3     1    503367  118703  1740560
24   3     2    561772  125777  1953790
24   3     3    479831  130911  1844520
24   3     4    521465  123298  1952820
24   3     5    458742  114054  1701420
24   3     6    487753  117871  1863580
24   3     7    586438  135226  1930370
24   3     8    537253  135771  2031700
25   1     1    539425  122945  1633030
25   1     2    599176  127302  1817650
25   1     3    537710  130524  1587410
25   1     4    524855  101872  1415210
25   1     5    427994  103562  1265380
25   1     6    521412  128579  1645440
25   1     7    567429  132281  1646360
25   1     8    497248  127067  1544160
25   2     1    433434  107144  1536760
25   2     2    512585  118072  1593620
25   2     3    575098  137046  1849350
25   2     4    573617  131779  1921570
25   2     5    466527  121113  1718180
25   2     6    541979  131362  1835930
25   2     7    596014  143510  1890580
25   2     8    589625  154300  1859750
25   3     1    530280  131287  1881850
25   3     2    492538  123047  1902140
25   3     3    514309  120382  1642450
25   3     4    519277  139464  1997670
25   3     5    527114  131752  1819370
25   3     6    457330  107393  1635970
25   3     7    558134  139678  1827490
25   3     8    499763  119993  1738500
26   1     1    486483  122653  1459600
26   1     2    478726  109715  1507880
26   1     3    557525  140737  1855340
26   1     4    432304  111676  1361070
26   1     5    481383  123084  1352310
26   1     6    481640  114811  1277900
26   1     7    534425  128106  1492320
26   1     8    574524  141926  1683640
26   2     1    549622  138378  1760600
26   2     2    564678  131501  1733100
26   2     3    543215  125595  1671480
26   2     4    502994  113118  1593930
26   2     5    511636  135620  1956560
26   2     6    518269  126124  1649140
26   2     7    495410  116658  1595020
26   2     8    416696  101594  1354290
26   3     1    533549  115770  1776980
26   3     2    578169  143879  1784100
26   3     3    451620  108557  1580640
26   3     4    481623  116051  1695890
26   3     5    571053  150037  2168640
26   3     6    533412  127871  1998160
26   3     7    503616  123557  1718510
26   3     8    470437  111165  1654300
27   1     1    565030  142369  1688580
27   1     2    523119  121713  1516290
27   1     3    547531  132453  1659410
27   1     4    470011  109045  1410500
27   1     5    458252  114852  1402150
27   1     6    484935  125377  1403430
27   1     7    506278  135525  1671310
27   1     8    501047  119930  1447020
27   2     1    565778  147781  1833110
27   2     2    559606  142323  1818530
27   2     3    541457  137112  1694280
27   2     4    547336  130518  1701020
27   2     5    452878  103454  1423390
27   2     6    500257  113412  1558710
27   2     7    489145  122037  1521610
27   2     8    505245  122336  1710830
27   3     1    475038  115473  1621040
27   3     2    470307  127710  1592770
27   3     3    480830  120721  1737170
27   3     4    530633  132185  1845790
27   3     5    563851  131149  1897060
27   3     6    474802  111118  1607490
27   3     7    578280  143134  1819570
27   3     8    535178  137420  1730750
28   1     1    539956  128361  1623580
28   1     2    408992  103662  1309050
28   1     3    544073  154416  1459110
28   1     4    467880  110921  1500050
28   1     5    476478  115200  1390790
28   1     6    520916  126289  1464940
28   1     7    451577  109641  1324190
28   1     8    501197  123500  1467210
28   2     1    479352  116191  1570450
28   2     2    449244  116343  1230600
28   2     3    504401  121264  1615170
28   2     4    510252  126615  1774660
28   2     5    502178  126948  1622810
28   2     6    603144  151376  1902700
28   2     7    574656  135774  2005760
28   2     8    588766  143451  1916560
28   3     1    540992  140821  1920370
28   3     2    561205  140763  1910270
28   3     3    540568  128084  1850780
28   3     4    479659  118532  1670920
28   3     5    531869  132424  1878990
28   3     6    512943  124685  1938800
28   3     7    484968  113316  1680340
28   3     8    461891  115933  1601510
29   1     1    559747  139481  1776360
29   1     2    429895  98031.3 1322880
29   1     3    443193  104939  1335810
29   1     4    488737  114573  1479590
29   1     5    508369  128533  1554680
29   1     6    466764  117340  1712750
29   1     7    457417  108607  1515520
29   1     8    438225  97534.8 1360230
29   2     1    553172  131275  1915790
29   2     2    475796  116226  1604370
29   2     3    481066  118416  1471140
29   2     4    454664  109626  1501210
29   2     5    485839  126102  1421520
29   2     6    527093  126471  1649790
29   2     7    477039  124119  1820720
29   2     8    425761  109316  1347770
29   3     1    535378  133967  1723490
29   3     2    499758  122122  1700410
29   3     3    491696  120253  1789540
29   3     4    549634  127829  1819380
29   3     5    480778  119462  1717180
29   3     6    503412  124692  1660720
29   3     7    564130  142454  1732700
29   3     8    482220  114993  1622670
3    1     1    490917  123388  1365500
3    1     2    464446  108304  1299360
3    1     3    485079  125174  1519140
3    1     4    518380  123380  1534390
3    1     5    406308  97865.3 1188560
3    1     6    510384  129893  1632770
3    1     7    431123  108114  1287060
3    1     8    458078  108377  1324720
3    2     1    463362  108242  1620440
3    2     2    489329  120771  1433720
3    2     3    577673  133432  1795670
3    2     4    502648  129288  1512810
3    2     5    478190  113514  1506480
3    2     6    492354  128126  1423190
3    2     7    493629  117985  1525100
3    2     8    576983  141146  1805860
3    3     1    522234  125807  1734890
3    3     2    424666  102793  1394660
3    3     3    531476  123948  1630830
3    3     4    513465  126786  1707150
3    3     5    580293  138106  1980820
3    3     6    503191  120309  1725520
3    3     7    581815  138444  1952270
3    3     8    606417  131387  1904370
30   1     1    487419  121686  1447950
30   1     2    476384  122558  1383610
30   1     3    493927  122615  1671640
30   1     4    516189  125433  1462400
30   1     5    461615  120404  1351710
30   1     6    452755  115594  1351950
30   1     7    432015  113160  1254910
30   1     8    560842  134490  1602590
30   2     1    502166  128962  1640130
30   2     2    482242  121751  1552960
30   2     3    525249  115759  1673200
30   2     4    443881  109160  1426740
30   2     5    457166  107680  1484000
30   2     6    543045  133231  1812160
30   2     7    507232  148007  1619760
30   2     8    490026  123542  1609840
30   3     1    550063  122575  1977490
30   3     2    474995  126184  1737740
30   3     3    547791  112777  1790120
30   3     4    512620  134852  1875170
30   3     5    522974  124466  1809800
30   3     6    527484  128378  1822290
30   3     7    534861  129549  1933520
30   3     8    545845  140262  2028240
31   1     1    455225  109544  1394640
31   1     2    475263  118319  1464050
31   1     3    443597  113322  1360020
31   1     4    530212  123991  1401290
31   1     5    477126  122222  1490050
31   1     6    428976  104281  1300280
31   1     7    470672  126213  1421480
31   1     8    386147  102430  1276540
31   2     1    469781  116057  1596910
31   2     2    526782  144093  1679980
31   2     3    522051  160583  1477710
31   2     4    502333  127130  1792700
31   2     5    529616  137586  1841490
31   2     6    557006  148131  1743940
31   2     7    515330  136122  1637590
31   2     8    429587  108864  1386740
31   3     1    471136  119975  1669490
31   3     2    554976  144467  2111460
31   3     3    447675  112675  1683390
31   3     4    466178  115470  1704620
31   3     5    596559  142528  2011780
31   3     6    511983  135896  1963270
31   3     7    557024  165316  1829280
31   3     8    555154  141208  1943190
32   1     1    552875  134943  1741990
32   1     2    491538  117991  1444850
32   1     3    478177  117904  1464830
32   1     4    453616  121190  1528860
32   1     5    473354  119637  1505300
32   1     6    534158  134115  1629490
32   1     7    462800  113221  1408360
32   1     8    521082  124269  1552500
32   2     1    468066  113944  1462550
32   2     2    485251  122973  1585810
32   2     3    414000  101847  1450270
32   2     4    512758  131148  1641220
32   2     5    560945  140140  1894410
32   2     6    455662  112524  1593950
32   2     7    457795  113981  1497270
32   2     8    551568  133238  1776710
32   3     1    455078  110075  1597150
32   3     2    545797  133557  1870540
32   3     3    454804  116035  1609650
32   3     4    471018  122071  1759600
32   3     5    553152  138604  1896650
32   3     6    535171  135156  1917080
32   3     7    529009  129132  1860740
32   3     8    414518  104613  1453860
33   1     1    481251  124479  1356500
33   1     2    530758  124923  1560210
33   1     3    460802  115848  1441190
33   1     4    510509  125272  1531640
33   1     5    534815  130566  1678490
33   1     6    487996  112472  1434490
33   1     7    465979  111524  1541890
33   1     8    574818  136988  1651220
33   2     1    525219  128798  1701730
33   2     2    467422  114580  1618320
33   2     3    493766  133787  1681580
33   2     4    480022  118134  1704730
33   2     5    493457  116388  1565060
33   2     6    469914  118845  1655460
33   2     7    524552  132577  1918160
33   2     8    523240  124900  1784240
33   3     1    465152  111336  1712420
33   3     2    566224  134048  1920860
33   3     3    515698  133747  1746840
33   3     4    459226  112245  1597490
33   3     5    491988  125750  1649090
33   3     6    528405  126172  1708130
33   3     7    512617  125350  1806410
33   3     8    544050  136930  1914330
34   1     1    502436  137609  1467270
34   1     2    575809  141543  1687690
34   1     3    512858  144545  1430440
34   1     4    476384  124628  1403620
34   1     5    502915  140103  1429810
34   1     6    553045  145563  1630380
34   1     7    465243  111605  1361400
34   1     8    493657  148955  1435430
34   2     1    561413  154999  1702970
34   2     2    546384  149790  1655650
34   2     3    524385  129237  1707590
34   2     4    513270  132664  1590290
34   2     5    492742  138025  1558200
34   2     6    567880  146405  1844060
34   2     7    435524  112642  1440470
34   2     8    480208  121125  1553120
34   3     1    531413  136493  1735950
34   3     2    478221  124734  1662070
34   3     3    475970  121515  1715960
34   3     4    590676  176233  1962880
34   3     5    545744  147002  1679420
34   3     6    519467  143572  1754640
34   3     7    540954  152385  1865320
34   3     8    548884  145254  1892600
35   1     1    550146  142713  1641010
35   1     2    556584  136183  1531080
35   1     3    586552  152232  1671700
35   1     4    563234  152577  1654460
35   1     5    626306  166927  1888770
35   1     6    487468  141564  1372510
35   1     7    507575  142022  1458760
35   1     8    479700  123724  1417970
35   2     1    592739  177532  1816090
35   2     2    480814  138124  1384970
35   2     3    466391  123035  1435800
35   2     4    574172  161702  1911970
35   2     5    463780  119288  1445110
35   2     6    727038  156176  3136710
35   2     7    513749  139210  1580430
35   2     8    546476  154311  1707110
35   3     1    520501  142305  1754630
35   3     2    505721  129732  1592480
35   3     3    497097  120177  1693530
35   3     4    509885  141291  1628070
35   3     5    548155  152899  1735770
35   3     6    592540  144362  1661740
35   3     7    623562  157883  1972560
35   3     8    431167  115454  1420150
36   1     1    517920  128520  1636450
36   1     2    519467  128098  1560440
36   1     3    493499  120777  1466470
36   1     4    488656  122826  1511980
36   1     5    573470  134864  1756170
36   1     6    416256  95958.8 1354930
36   1     7    439295  105721  1458710
36   1     8    533509  133780  1903650
36   2     1    552560  134574  1820660
36   2     2    564890  138244  1976880
36   2     3    523065  130044  1721230
36   2     4    560537  140263  1937070
36   2     5    461013  108673  1566580
36   2     6    769317  186936  2610110
36   2     7    523356  131416  1695350
36   2     8    532929  127959  1792980
36   3     1    611185  152119  2161560
36   3     2    493122  123568  1822470
36   3     3    477477  118984  1774270
36   3     4    540570  123162  1888940
36   3     5    503532  124315  1795250
36   3     6    496914  124084  1889630
36   3     7    591116  144275  2183710
36   3     8    535185  129774  1854740
4    1     1    487028  121082  1452200
4    1     2    497818  122091  1428010
4    1     3    487099  124931  1515170
4    1     4    464346  113298  1640810
4    1     5    443320  108356  1395290
4    1     6    550928  135993  1654820
4    1     7    451103  119989  1278910
4    1     8    489985  116481  1471230
4    2     1    513367  140634  1528440
4    2     2    465328  115035  1525080
4    2     3    502361  127923  1478090
4    2     4    524218  147438  1794310
4    2     5    583293  136670  1899180
4    2     6    478129  134020  1380210
4    2     7    792005  214412  2388310
4    2     8    499356  123777  1677380
4    3     1    552034  146378  1899990
4    3     2    488803  120177  1651980
4    3     3    453915  106581  1395380
4    3     4    461052  117690  1679790
4    3     5    456042  116545  1490630
4    3     6    476515  126696  1569260
4    3     7    455873  113485  1572630
4    3     8    526813  130959  1711870
5    1     1    483300  112434  1353940
5    1     2    463426  117183  1375470
5    1     3    503943  112879  1474760
5    1     4    495865  113962  1533240
5    1     5    478752  107413  1370290
5    1     6    624336  153543  1835520
5    1     7    569582  134520  1648690
5    1     8    509633  123068  1445310
5    2     1    510315  124192  1710860
5    2     2    490643  117909  1648280
5    2     3    434964  116419  1410740
5    2     4    462665  111288  1489020
5    2     5    470263  111915  1612920
5    2     6    530573  127451  1677220
5    2     7    555653  123599  1823970
5    2     8    588294  143392  1931960
5    3     1    599780  139746  2126030
5    3     2    518790  120743  1833860
5    3     3    555977  131100  1902230
5    3     4    505551  121535  1704900
5    3     5    532364  127314  1900920
5    3     6    466463  116138  1674800
5    3     7    490444  121916  1863950
5    3     8    523461  130643  1612990
6    1     1    696271  166739  2055120
6    1     2    460565  126250  1228840
6    1     3    533941  133948  1461880
6    1     4    504994  126200  1375580
6    1     5    490507  123111  1420730
6    1     6    485917  116760  1379460
6    1     7    532348  129820  1508640
6    1     8    485776  113432  1187260
6    2     1    467491  117041  1433040
6    2     2    473949  125149  1596800
6    2     3    601500  152446  1850090
6    2     4    565715  138624  1815830
6    2     5    588470  152630  1996430
6    2     6    447759  104491  1394920
6    2     7    543165  126856  1672080
6    2     8    505175  135340  1560920
6    3     1    517082  124995  1911650
6    3     2    538466  137345  1899350
6    3     3    425592  101386  1601910
6    3     4    530641  138306  1823780
6    3     5    592537  139756  2157910
6    3     6    508727  123864  1640830
6    3     7    472374  112576  1560660
6    3     8    479008  121905  1670890
7    1     1    689677  171878  2061160
7    1     2    545646  133652  1667100
7    1     3    491110  126057  1464690
7    1     4    544872  137280  1734790
7    1     5    561181  140770  1655750
7    1     6    579386  143371  1733480
7    1     7    630490  153950  1805190
7    1     8    767905  197771  2062520
7    2     1    571928  140888  1881760
7    2     2    514339  135708  1734960
7    2     3    525003  135703  1678620
7    2     4    544527  138831  1675700
7    2     5    546575  133047  1709900
7    2     6    584404  145471  1839150
7    2     7    519771  132006  1634170
7    2     8    523065  168160  1510000
7    3     1    588865  146298  1971230
7    3     2    499813  121355  1738820
7    3     3    540816  135006  1836930
7    3     4    554774  137990  1973520
7    3     5    537382  136467  1993020
7    3     6    458898  117246  1551020
7    3     7    544418  144753  1899320
7    3     8    567221  136793  1924410
8    1     1    505766  121346  1509960
8    1     2    572836  163167  1646460
8    1     3    552560  131695  1714370
8    1     4    448317  121424  1243650
8    1     5    631679  152272  1649900
8    1     6    496058  121221  1482630
8    1     7    573978  147335  1673140
8    1     8    624618  161020  1797490
8    2     1    451363  109289  1682190
8    2     2    495762  137306  1504450
8    2     3    512147  131481  1723720
8    2     4    559467  136811  1740260
8    2     5    571323  149440  1617220
8    2     6    573049  154604  1704740
8    2     7    510239  144348  1502450
8    2     8    619146  155527  1651750
8    3     1    558263  143392  1887040
8    3     2    488766  125759  1628820
8    3     3    499401  120430  1674310
8    3     4    553250  160623  1703760
8    3     5    474625  122996  1560500
8    3     6    537452  132529  1830500
8    3     7    617088  156169  2024350
8    3     8    486148  120141  1690140
9    1     1    521098  128958  1564000
9    1     2    564909  156000  1613600
9    1     3    587572  153510  1664640
9    1     4    538118  129940  1696770
9    1     5    603194  145666  1824840
9    1     6    487854  118437  1486420
9    1     7    622896  168198  1753270
9    1     8    521452  142447  1509670
9    2     1    569183  137487  1814910
9    2     2    471824  124312  1508110
9    2     3    518888  138360  1557410
9    2     4    516850  129779  1720630
9    2     5    533136  130641  1743840
9    2     6    466706  117175  1482400
9    2     7    509485  130514  1594530
9    2     8    581390  136986  1880850
9    3     1    500911  118662  1781440
9    3     2    557955  155655  1754250
9    3     3    528921  132476  1800530
9    3     4    572121  167775  1702810
9    3     5    540699  134313  1773870
9    3     6    481774  117671  1626080
9    3     7    493823  121717  1707230
9    3     8    527559  131467  1845470
